11545,2
11544,2
11543,2
11542,2
11541,2
11540,1
11539,3
11538,2
11537,2
11536,2
11535,4
11534,2
11533,3
11532,2
11531,2
11530,1
11529,2
11528,2
11527,2
11526,2
11525,2
11524,2
11523,2
11522,2
11521,2
11520,1
11519,3
11517,3
11516,2
11515,3
11514,2
11513,2
11512,2
11511,1
11510,1
11509,1
11508,1
11507,1
11506,1
11505,1
11504,1
11503,1
11502,1
11501,1
11500,1
11499,3
11498,4
11497,3
11496,3
11495,2
11494,3
11493,2
11492,3
11491,3
11490,1
11489,4
11488,3
11487,3
11486,3
11485,2
11484,3
11483,4
11482,3
11481,2
11480,1
11479,3
11478,3
11477,4
11476,4
11475,2
11474,2
11473,3
11472,3
11471,3
11470,1
11469,3
11468,3
11467,4
11466,3
11465,2
11464,4
11463,3
11462,3
11461,2
11460,1
11459,2
11458,2
11457,2
11456,2
11455,2
11454,2
11453,2
11452,2
11451,2
11450,1
11449,3
11448,3
11447,2
11446,4
11445,2
11444,3
11443,3
11442,2
11441,2
11440,1
11439,2
11438,4
11437,3
11436,3
11435,2
11434,3
11433,3
11432,2
11431,2
11430,1
11429,3
11428,3
11427,3
11426,3
11425,2
11424,2
11423,2
11422,2
11421,1
11420,1
11419,3
11418,2
11417,3
11416,2
11415,2
11414,2
11413,2
11412,1
11411,1
11410,1
11409,1
11408,1
11407,1
11406,1
11405,1
11404,1
11403,1
11402,1
11401,1
11400,1
10999,1
10998,1
10997,1
10996,1
10995,1
10994,1
10993,1
10992,1
10991,1
10990,1
10989,1
10988,1
10987,1
10986,1
10985,1
10984,1
10983,1
10982,1
10981,1
10980,1
10979,1
10978,1
10977,1
10976,1
10975,1
10974,1
10973,1
10972,1
10971,1
10970,1
10969,1
10968,1
10967,1
10966,1
10965,1
10964,1
10963,1
10962,1
10961,1
10960,1
10959,1
10958,1
10957,1
10956,1
10955,1
10954,1
10953,1
10952,1
10951,1
10950,1
10949,1
10948,1
10947,1
10946,1
10945,1
10944,1
10943,1
10942,1
10941,1
10940,1
10939,1
10938,1
10937,1
10936,1
10935,1
10934,1
10933,1
10932,1
10931,1
10930,1
10929,1
10928,1
10927,1
10926,1
10925,1
10924,1
10923,1
10922,1
10921,1
10920,1
10919,1
10918,1
10917,1
10916,1
10915,1
10914,1
10913,1
10912,1
10911,1
10910,1
10909,1
10908,1
10907,1
10906,1
10905,1
10904,1
10903,1
10902,1
10901,1
10900,1
11399,3
11398,3
11397,4
11396,3
11395,3
11394,2
11393,2
11392,3
11391,3
11390,1
11389,3
11388,3
11387,4
11386,3
11385,2
11384,4
11383,3
11382,3
11381,2
11380,1
11379,4
11378,4
11377,4
11376,3
11375,2
11374,3
11373,3
11372,2
11371,2
11370,1
11369,3
11368,3
11367,3
11366,2
11365,2
11364,3
11363,3
11362,3
11361,2
11360,1
11359,3
11358,2
11357,2
11356,2
11355,4
11354,2
11353,3
11352,2
11351,2
11350,1
11349,2
11348,4
11347,3
11346,3
11345,2
11344,3
11343,3
11342,2
11341,2
11340,1
11339,2
11338,3
11337,3
11336,3
11335,3
11334,3
11333,3
11332,2
11331,1
11330,1
11329,3
11328,3
11327,2
11326,3
11325,2
11324,2
11323,2
11322,2
11321,1
11320,1
11319,3
11318,2
11317,2
11316,2
11315,2
11314,2
11313,1
11312,1
11311,1
11310,1
11309,1
11308,1
11307,1
11306,1
11305,1
11304,1
11303,1
11302,1
11301,1
11300,1
10899,1
10898,1
10897,1
10896,1
10895,1
10894,1
10893,1
10892,1
10891,1
10890,1
10889,1
10888,1
10887,1
10886,1
10885,1
10884,1
10883,1
10882,1
10881,1
10880,1
10879,1
10878,1
10877,1
10876,1
10875,1
10874,1
10873,1
10872,1
10871,1
10870,1
10869,1
10868,1
10867,1
10866,1
10865,1
10864,1
10863,1
10862,1
10861,1
10860,1
10859,1
10858,1
10857,1
10856,1
10855,1
10854,1
10853,1
10852,1
10851,1
10850,1
10849,1
10848,1
10847,1
10846,1
10845,1
10844,1
10843,1
10842,1
10841,1
10840,1
10839,1
10838,1
10837,1
10836,1
10835,1
10834,1
10833,1
10832,1
10831,1
10830,1
10829,1
10828,1
10827,1
10826,1
10825,1
10824,1
10823,1
10822,1
10821,1
10820,1
10819,1
10818,1
10817,1
10816,1
10815,1
10814,1
10813,1
10812,1
10811,1
10810,1
10809,1
10808,1
10807,1
10806,1
10805,1
10804,1
10803,1
10802,1
10801,1
10800,1
11299,3
11298,3
11297,3
11296,2
11295,2
11294,3
11293,3
11292,3
11291,2
11290,1
11289,3
11288,3
11287,2
11286,4
11285,2
11284,3
11283,3
11282,2
11281,2
11280,1
11279,3
11278,2
11277,4
11276,3
11275,2
11274,3
11273,2
11272,3
11271,2
11270,1
11269,2
11268,4
11267,3
11266,3
11265,2
11264,3
11263,3
11262,2
11261,2
11260,1
11259,2
11258,2
11257,2
11256,2
11255,2
11254,2
11253,2
11252,2
11251,2
11250,1
11249,3
11248,3
11247,3
11246,3
11245,2
11244,2
11243,2
11242,2
11241,1
11240,1
11239,3
11238,3
11237,2
11236,3
11235,2
11234,2
11233,2
11232,2
11231,1
11230,1
11229,3
11228,2
11227,3
11226,2
11225,2
11224,2
11223,2
11222,1
11221,1
11220,1
11219,2
11218,2
11217,2
11216,2
11215,2
11214,1
11213,1
11212,1
11211,1
11210,1
11209,1
11208,1
11207,1
11206,1
11205,1
11204,1
11203,1
11202,1
11201,1
11200,1
10799,1
10798,1
10797,1
10796,1
10795,1
10794,1
10793,1
10792,1
10791,1
10790,1
10789,1
10788,1
10787,1
10786,1
10785,1
10784,1
10783,1
10782,1
10781,1
10780,1
10779,1
10778,1
10777,1
10776,1
10775,1
10774,1
10773,1
10772,1
10771,1
10770,1
10769,1
10768,1
10767,1
10766,1
10765,1
10764,1
10763,1
10762,1
10761,1
10760,1
10759,1
10758,1
10757,1
10756,1
10755,1
10754,1
10753,1
10752,1
10751,1
10750,1
10749,1
10748,1
10747,1
10746,1
10745,1
10744,1
10743,1
10742,1
10741,1
10740,1
10739,1
10738,1
10737,1
10736,1
10735,1
10734,1
10733,1
10732,1
10731,1
10730,1
10729,1
10728,1
10727,1
10726,1
10725,1
10724,1
10723,1
10722,1
10721,1
10720,1
10719,1
10718,1
10717,1
10716,1
10715,1
10714,1
10713,1
10712,1
10711,1
10710,1
10709,1
10708,1
10707,1
10706,1
10705,1
10704,1
10703,1
10702,1
10701,1
10700,1
11199,2
11198,3
11197,3
11196,3
11195,3
11194,3
11193,3
11192,2
11191,1
11190,1
11189,3
11188,3
11187,3
11186,3
11185,2
11184,2
11183,2
11182,2
11181,1
11180,1
11179,3
11178,3
11177,4
11176,2
11175,3
11174,3
11173,2
11172,2
11171,1
11170,1
11169,3
11168,3
11167,2
11166,3
11165,2
11164,2
11163,2
11162,2
11161,1
11160,1
11159,3
11158,2
11157,3
11156,2
11155,3
11154,2
11153,2
11152,2
11151,1
11150,1
11149,3
11148,2
11147,3
11146,2
11145,2
11144,2
11143,2
11142,1
11141,1
11140,1
11139,3
11138,2
11137,2
11136,2
11135,2
11134,2
11133,1
11132,1
11131,1
11130,1
11129,2
11128,2
11127,2
11126,2
11125,2
11124,1
11123,1
11122,1
11121,1
11120,1
11119,1
11118,1
11117,1
11116,1
11115,1
11114,1
11113,1
11112,1
11111,1
11110,1
11109,1
11108,1
11107,1
11106,1
11105,1
11104,1
11103,1
11102,1
11101,1
11100,1
10699,1
10698,1
10697,1
10696,1
10695,1
10694,1
10693,1
10692,1
10691,1
10690,1
10689,1
10688,1
10687,1
10686,1
10685,1
10684,1
10683,1
10682,1
10681,1
10680,1
10679,1
10678,1
10677,1
10676,1
10675,1
10674,1
10673,1
10672,1
10671,1
10670,1
10669,1
10668,1
10667,1
10666,1
10665,1
10664,1
10663,1
10662,1
10661,1
10660,1
10659,1
10658,1
10657,1
10656,1
10655,1
10654,1
10653,1
10652,1
10651,1
10650,1
10649,1
10648,1
10647,1
10646,1
10645,1
10644,1
10643,1
10642,1
10641,1
10640,1
10639,1
10638,1
10637,1
10636,1
10635,1
10634,1
10633,1
10632,1
10631,1
10630,1
10629,1
10628,1
10627,1
10626,1
10625,1
10624,1
10623,1
10622,1
10621,1
10620,1
10619,1
10618,1
10617,1
10616,1
10615,1
10614,1
10613,1
10612,1
10611,1
10610,1
10609,1
10608,1
10607,1
10606,1
10605,1
10604,1
10603,1
10602,1
10601,1
10600,1
11099,1
11098,1
11097,1
11096,1
11095,1
11094,1
11093,1
11092,1
11091,1
11090,1
11089,1
11088,1
11087,1
11086,1
11085,1
11084,1
11083,1
11082,1
11081,1
11080,1
11079,1
11078,1
11077,1
11076,1
11075,1
11074,1
11073,1
11072,1
11071,1
11070,1
11069,1
11068,1
11067,1
11066,1
11065,1
11064,1
11063,1
11062,1
11061,1
11060,1
11059,1
11058,1
11057,1
11056,1
11055,1
11054,1
11053,1
11052,1
11051,1
11050,1
11049,1
11048,1
11047,1
11046,1
11045,1
11044,1
11043,1
11042,1
11041,1
11040,1
11039,1
11038,1
11037,1
11036,1
11035,1
11034,1
11033,1
11032,1
11031,1
11030,1
11029,1
11028,1
11027,1
11026,1
11025,1
11024,1
11023,1
11022,1
11021,1
11020,1
11019,1
11018,1
11017,1
11016,1
11015,1
11014,1
11013,1
11012,1
11011,1
11010,1
11009,1
11008,1
11007,1
11006,1
11005,1
11004,1
11003,1
11002,1
11001,1
11000,1
10599,1
10598,1
10597,1
10596,1
10595,1
10594,1
10593,1
10592,1
10591,1
10590,1
10589,1
10588,1
10587,1
10586,1
10585,1
10584,1
10583,1
10582,1
10581,1
10580,1
10579,1
10578,1
10577,1
10576,1
10575,1
10574,1
10573,1
10572,1
10571,1
10570,1
10569,1
10568,1
10567,1
10566,1
10565,1
10564,1
10563,1
10562,1
10561,1
10560,1
10559,1
10558,1
10557,1
10556,1
10555,1
10554,1
10553,1
10552,1
10551,1
10550,1
10549,1
10548,1
10547,1
10546,1
10545,1
10544,1
10543,1
10542,1
10541,1
10540,1
10539,1
10538,1
10537,1
10536,1
10535,1
10534,1
10533,1
10532,1
10531,1
10530,1
10529,1
10528,1
10527,1
10526,1
10525,1
10524,1
10523,1
10522,1
10521,1
10520,1
10519,1
10518,1
10517,1
10516,1
10515,1
10514,1
10513,1
10512,1
10511,1
10510,1
10509,1
10508,1
10507,1
10506,1
10505,1
10504,1
10503,1
10502,1
10501,1
10500,1
10499,1
10498,1
10497,1
10496,1
10495,1
10494,1
10493,1
10492,1
10491,1
10490,1
10489,1
10488,1
10487,1
10486,1
10485,1
10484,1
10483,1
10482,1
10481,1
10480,1
10479,1
10478,1
10477,1
10476,1
10475,1
10474,1
10473,1
10472,1
10471,1
10470,1
10469,1
10468,1
10467,1
10466,1
10465,1
10464,1
10463,1
10462,1
10461,1
10460,1
10459,1
10458,1
10457,1
10456,1
10455,1
10454,1
10453,1
10452,1
10451,1
10450,1
10449,1
10448,1
10447,1
10446,1
10445,1
10444,1
10443,1
10442,1
10441,1
10440,1
10439,1
10438,1
10437,1
10436,1
10435,1
10434,1
10433,1
10432,1
10431,1
10430,1
10429,1
10428,1
10427,1
10426,1
10425,1
10424,1
10423,1
10422,1
10421,1
10420,1
10419,1
10418,1
10417,1
10416,1
10415,1
10414,1
10413,1
10412,1
10411,1
10410,1
10409,1
10408,1
10407,1
10406,1
10405,1
10404,1
10403,1
10402,1
10401,1
10400,1
10399,1
10398,1
10397,1
10396,1
10395,1
10394,1
10393,1
10392,1
10391,1
10390,1
10389,1
10388,1
10387,1
10386,1
10385,1
10384,1
10383,1
10382,1
10381,1
10380,1
10379,1
10378,1
10377,1
10376,1
10375,1
10374,1
10373,1
10372,1
10371,1
10370,1
10369,1
10368,1
10367,1
10366,1
10365,1
10364,1
10363,1
10362,1
10361,1
10360,1
10359,1
10358,1
10357,1
10356,1
10355,1
10354,1
10353,1
10352,1
10351,1
10350,1
10349,1
10348,1
10347,1
10346,1
10345,1
10344,1
10343,1
10342,1
10341,1
10340,1
10339,1
10338,1
10337,1
10336,1
10335,1
10334,1
10333,1
10332,1
10331,1
10330,1
10329,1
10328,1
10327,1
10326,1
10325,1
10324,1
10323,1
10322,1
10321,1
10320,1
10319,1
10318,1
10317,1
10316,1
10315,1
10314,1
10313,1
10312,1
10311,1
10310,1
10309,1
10308,1
10307,1
10306,1
10305,1
10304,1
10303,1
10302,1
10301,1
10300,1
10299,1
10298,1
10297,1
10296,1
10295,1
10294,1
10293,1
10292,1
10291,1
10290,1
10289,1
10288,1
10287,1
10286,1
10285,1
10284,1
10283,1
10282,1
10281,1
10280,1
10279,1
10278,1
10277,1
10276,1
10275,1
10274,1
10273,1
10272,1
10271,1
10270,1
10269,1
10268,1
10267,1
10266,1
10265,1
10264,1
10263,1
10262,1
10261,1
10260,1
10259,1
10258,1
10257,1
10256,1
10255,1
10254,1
10253,1
10252,1
10251,1
10250,1
10249,1
10248,1
10247,1
10246,1
10245,1
10244,1
10243,1
10242,1
10241,1
10240,1
10239,1
10238,1
10237,1
10236,1
10235,1
10234,1
10233,1
10232,1
10231,1
10230,1
10229,1
10228,1
10227,1
10226,1
10225,1
10224,1
10223,1
10222,1
10221,1
10220,1
10219,1
10218,1
10217,1
10216,1
10215,1
10214,1
10213,1
10212,1
10211,1
10210,1
10209,1
10208,1
10207,1
10206,1
10205,1
10204,1
10203,1
10202,1
10201,1
10200,1
10199,1
10198,1
10197,1
10196,1
10195,1
10194,1
10193,1
10192,1
10191,1
10190,1
10189,1
10188,1
10187,1
10186,1
10185,1
10184,1
10183,1
10182,1
10181,1
10180,1
10179,1
10178,1
10177,1
10176,1
10175,1
10174,1
10173,1
10172,1
10171,1
10170,1
10169,1
10168,1
10167,1
10166,1
10165,1
10164,1
10163,1
10162,1
10161,1
10160,1
10159,1
10158,1
10157,1
10156,1
10155,1
10154,1
10153,1
10152,1
10151,1
10150,1
10149,1
10148,1
10147,1
10146,1
10145,1
10144,1
10143,1
10142,1
10141,1
10140,1
10139,1
10138,1
10137,1
10136,1
10135,1
10134,1
10133,1
10132,1
10131,1
10130,1
10129,1
10128,1
10127,1
10126,1
10125,1
10124,1
10123,1
10122,1
10121,1
10120,1
10119,1
10118,1
10117,1
10116,1
10115,1
10114,1
10113,1
10112,1
10111,1
10110,1
10109,1
10108,1
10107,1
10106,1
10105,1
10104,1
10103,1
10102,1
10101,1
10100,1
10099,1
10098,1
10097,1
10096,1
10095,1
10094,1
10093,1
10092,1
10091,1
10090,1
10089,1
10088,1
10087,1
10086,1
10085,1
10084,1
10083,1
10082,1
10081,1
10080,1
10079,1
10078,1
10077,1
10076,1
10075,1
10074,1
10073,1
10072,1
10071,1
10070,1
10069,1
10068,1
10067,1
10066,1
10065,1
10064,1
10063,1
10062,1
10061,1
10060,1
10059,1
10058,1
10057,1
10056,1
10055,1
10054,1
10053,1
10052,1
10051,1
10050,1
10049,1
10048,1
10047,1
10046,1
10045,1
10044,1
10043,1
10042,1
10041,1
10040,1
10039,1
10038,1
10037,1
10036,1
10035,1
10034,1
10033,1
10032,1
10031,1
10030,1
10029,1
10028,1
10027,1
10026,1
10025,1
10024,1
10023,1
10022,1
10021,1
10020,1
10019,1
10018,1
10017,1
10016,1
10015,1
10014,1
10013,1
10012,1
10011,1
10010,1
10009,1
10008,1
10007,1
10006,1
10005,1
10004,1
10003,1
10002,1
10001,1
1379,4
5730,1
1378,4
1377,4
1376,3
1375,2
1374,3
1373,3
1372,2
1371,2
1370,1
5729,2
5728,2
5727,2
5726,2
5725,2
5724,2
5723,2
5722,2
5721,2
1369,3
5720,1
1368,3
1367,3
1366,2
1365,2
1364,3
1363,3
1362,3
1361,2
1360,1
5719,3
5718,2
5717,3
5716,2
5715,4
5714,2
5713,2
5712,2
5711,3
1359,3
5710,1
1358,2
1357,2
1356,2
1355,4
1354,2
1353,3
1352,2
1351,2
1350,1
5709,1
5708,1
5707,1
5706,1
5705,1
5704,1
5703,1
5702,1
5701,1
1349,2
5700,1
1348,4
1347,3
1346,3
1345,2
1344,3
1343,3
1342,2
1341,2
1340,1
1339,2
1338,3
1337,3
1336,3
1335,3
1334,3
1333,3
1332,2
1331,1
1330,1
1329,3
1328,3
1327,2
1326,3
1325,2
1324,2
1323,2
1322,2
1321,1
1320,1
1319,3
1318,2
1317,2
1316,2
1315,2
1314,2
1313,1
1312,1
1311,1
1310,1
1309,1
1308,1
1307,1
1306,1
1305,1
1304,1
1303,1
1302,1
1301,1
1300,1
6199,4
6198,3
6197,5
6196,3
6195,2
6194,3
6193,3
6192,2
6191,3
6190,1
6189,3
6188,5
6187,4
6186,4
6185,2
6184,3
6183,3
6182,4
6181,3
6180,1
6179,5
6178,4
6177,4
6176,3
6175,2
6174,4
6173,3
6172,3
6171,2
6170,1
6169,3
6168,4
6167,3
6166,3
6165,2
6164,3
6163,2
6162,3
6161,3
6160,1
6159,2
6158,2
6157,2
6156,2
6155,2
6154,2
6153,2
6152,2
6151,2
6150,1
6149,3
6148,3
6147,4
6146,3
6145,2
6144,4
6143,3
6142,3
6141,2
6140,1
6139,3
6138,3
6137,3
6136,2
6135,2
6134,3
6133,3
6132,3
6131,2
6130,1
6129,2
6128,4
6127,3
6126,3
6125,2
6124,3
6123,3
6122,2
6121,2
6120,1
6119,3
6118,3
6117,2
6116,3
6115,2
6114,2
6113,2
6112,2
6111,1
6110,1
6109,1
6108,1
6107,1
6106,1
6105,1
6104,1
6103,1
6102,1
6101,1
6100,1
5699,2
5698,2
5697,2
5696,2
5695,2
5694,2
5693,2
5692,2
5691,2
5690,1
5689,2
5688,2
5687,2
5686,2
5685,2
5684,2
5683,2
5682,2
5681,2
5680,1
5679,2
5678,2
5677,2
5676,2
5675,2
5674,2
5673,2
5672,2
5671,2
5670,1
5669,2
5668,2
5667,2
5666,2
5665,2
5664,2
5663,2
5662,2
5661,2
5660,1
5659,2
5658,2
5657,2
5656,2
5655,2
5654,2
5653,2
5652,2
5651,2
1299,3
5650,1
1298,3
1297,3
1296,2
1295,2
1294,3
1293,3
1292,3
1291,2
1290,1
5649,2
5648,2
5647,2
5646,2
5645,2
5644,2
5643,2
5642,2
5641,2
1289,3
5640,1
1288,3
1287,2
1286,4
1285,2
1284,3
1283,3
1282,2
1281,2
1280,1
5639,2
5638,2
5637,2
5636,2
5635,2
5634,2
5633,2
5632,2
5631,2
1279,3
5630,1
1278,2
1277,4
1276,3
1275,2
1274,3
1273,2
1272,3
1271,2
1270,1
5629,2
5628,2
5627,2
5626,2
5625,2
5624,2
5623,2
5622,2
5621,2
1269,2
5620,1
1268,4
1267,3
1266,3
1265,2
1264,3
1263,3
1262,2
1261,2
1260,1
5619,2
5618,2
5617,2
5616,2
5615,2
5614,2
5613,2
5612,2
5611,2
1259,2
5610,1
1258,2
1257,2
1256,2
1255,2
1254,2
1253,2
1252,2
1251,2
1250,1
5609,1
5608,1
5607,1
5606,1
5605,1
5604,1
5603,1
5602,1
5601,1
1249,3
5600,1
1248,3
1247,3
1246,3
1245,2
1244,2
1243,2
1242,2
1241,1
1240,1
1239,3
1238,3
1237,2
1236,3
1235,2
1234,2
1233,2
1232,2
1231,1
1230,1
1229,3
1228,2
1227,3
1226,2
1225,2
1224,2
1223,2
1222,1
1221,1
1220,1
1219,2
1218,2
1217,2
1216,2
1215,2
1214,1
1213,1
1212,1
1211,1
1210,1
1209,1
1208,1
1207,1
1206,1
1205,1
1204,1
1203,1
1202,1
1201,1
1200,1
6099,1
6098,1
6097,1
6096,1
6095,1
6094,1
6093,1
6092,1
6091,1
6090,1
6089,1
6088,1
6087,1
6086,1
6085,1
6084,1
6083,1
6082,1
6081,1
6080,1
6079,1
6078,1
6077,1
6076,1
6075,1
6074,1
6073,1
6072,1
6071,1
6070,1
6069,1
6068,1
6067,1
6066,1
6065,1
6064,1
6063,1
6062,1
6061,1
6060,1
6059,1
6058,1
6057,1
6056,1
6055,1
6054,1
6053,1
6052,1
6051,1
6050,1
6049,1
6048,1
6047,1
6046,1
6045,1
6044,1
6043,1
6042,1
6041,1
6040,1
6039,1
6038,1
6037,1
6036,1
6035,1
6034,1
6033,1
6032,1
6031,1
6030,1
6029,1
6028,1
6027,1
6026,1
6025,1
6024,1
6023,1
6022,1
6021,1
6020,1
6019,1
6018,1
6017,1
6016,1
6015,1
6014,1
6013,1
6012,1
6011,1
6010,1
9999,3
9998,3
6009,1
9997,2
6008,1
9996,5
6007,1
9995,3
6006,1
9994,3
6005,1
9993,3
6004,1
9992,3
6003,1
9991,4
6002,1
9990,1
6001,1
6000,1
9989,3
9988,3
9987,3
9986,4
9985,2
9984,3
9983,4
9982,3
9981,4
9980,1
9979,2
9978,3
9977,4
9976,2
9975,3
9974,4
9973,2
9972,3
9971,3
9970,1
9969,5
9968,4
9967,2
9966,3
9965,2
9964,4
9963,3
9962,4
9961,4
9960,1
9959,3
9958,2
9957,3
9956,2
9955,2
9954,2
9953,3
9952,2
9951,2
9950,1
5599,2
5598,2
5597,5
5596,2
5595,3
5594,2
5593,3
5592,2
5591,3
5590,1
9949,3
9948,3
9947,4
9946,4
9945,2
9944,3
9943,4
9942,4
9941,3
9940,1
5589,2
5588,2
5587,2
5586,2
5585,2
5584,2
5583,2
5582,2
5581,2
5580,1
9939,3
9938,4
9937,2
9936,3
9935,3
9934,4
9933,4
9932,4
9931,3
9930,1
5579,5
5578,2
5577,3
5576,2
5575,3
5574,2
5573,3
5572,2
5571,4
5570,1
9929,3
9928,3
9927,3
9926,4
9925,2
9924,4
9923,4
9922,3
9921,3
9920,1
5569,2
5568,2
5567,2
5566,2
5565,2
5564,2
5563,2
5562,2
5561,2
5560,1
9919,4
9918,4
9917,3
9916,4
9915,2
9914,3
9913,3
9912,3
9911,2
9910,1
5559,3
5558,2
5557,3
5556,2
5555,3
5554,2
5553,3
5552,2
5551,3
1199,2
5550,1
1198,3
1197,3
1196,3
1195,3
1194,3
1193,3
1192,2
1191,1
1190,1
9909,1
9908,1
9907,1
9906,1
9905,1
9904,1
9903,1
9902,1
9901,1
9900,1
5549,2
5548,2
5547,2
5546,2
5545,2
5544,2
5543,2
5542,2
5541,2
1189,3
5540,1
1188,3
1187,3
1186,3
1185,2
1184,2
1183,2
1182,2
1181,1
1180,1
5539,3
5538,2
5537,3
5536,2
5535,3
5534,2
5533,3
5532,2
5531,4
1179,3
5530,1
1178,3
1177,4
1176,2
1175,3
1174,3
1173,2
1172,2
1171,1
1170,1
5529,2
5528,2
5527,2
5526,2
5525,2
5524,2
5523,2
5522,2
5521,2
1169,3
5520,1
1168,3
1167,2
1166,3
1165,2
1164,2
1163,2
1162,2
1161,1
1160,1
5519,3
5518,2
5517,4
5516,2
5515,3
5514,2
5513,4
5512,2
5511,3
1159,3
5510,1
1158,2
1157,3
1156,2
1155,3
1154,2
1153,2
1152,2
1151,1
1150,1
5509,1
5508,1
5507,1
5506,1
5505,1
5504,1
5503,1
5502,1
5501,1
1149,3
5500,1
1148,2
1147,3
1146,2
1145,2
1144,2
1143,2
1142,1
1141,1
1140,1
1139,3
1138,2
1137,2
1136,2
1135,2
1134,2
1133,1
1132,1
1131,1
1130,1
1129,2
1128,2
1127,2
1126,2
1125,2
1124,1
1123,1
1122,1
1121,1
1120,1
1119,1
1118,1
1117,1
1116,1
1115,1
1114,1
1113,1
1112,1
1111,1
1110,1
1109,1
1108,1
1107,1
1106,1
1105,1
1104,1
1103,1
1102,1
1101,1
1100,1
9899,3
9898,3
9897,3
9896,4
9895,2
9894,3
9893,4
9892,3
9891,4
9890,1
9889,3
9888,2
9887,2
9886,3
9885,2
9884,2
9883,3
9882,3
9881,3
9880,1
9879,3
9878,2
9877,3
9876,2
9875,2
9874,2
9873,3
9872,2
9871,2
9870,1
9869,4
9868,3
9867,2
9866,3
9865,2
9864,3
9863,3
9862,4
9861,3
9860,1
9859,2
9858,2
9857,2
9856,2
9855,2
9854,2
9853,2
9852,2
9851,2
9850,1
5499,2
5498,2
5497,2
5496,2
5495,2
5494,2
5493,2
5492,2
5491,2
5490,1
9849,3
9848,2
9847,2
9846,3
9845,2
9844,3
9843,4
9842,3
9841,4
9840,1
5489,2
5488,2
5487,2
5486,2
5485,2
5484,2
5483,2
5482,2
5481,2
5480,1
9839,4
9838,3
9837,3
9836,3
9835,2
9834,4
9833,4
9832,3
9831,3
9830,1
5479,2
5478,2
5477,2
5476,2
5475,2
5474,2
5473,2
5472,2
5471,2
5470,1
9829,3
9828,3
9827,2
9826,4
9825,2
9824,3
9823,3
9822,4
9821,3
9820,1
5469,2
5468,2
5467,2
5466,2
5465,2
5464,2
5463,2
5462,2
5461,2
5460,1
9819,4
9818,3
9817,2
9816,3
9815,2
9814,4
9813,3
9812,3
9811,3
9810,1
5459,2
5458,2
5457,2
5456,2
5455,2
5454,2
5453,2
5452,2
5451,2
1099,1
5450,1
1098,1
1097,1
1096,1
1095,1
1094,1
1093,1
1092,1
1091,1
1090,1
9809,1
9808,1
9807,1
9806,1
9805,1
9804,1
9803,1
9802,1
9801,1
9800,1
5449,2
5448,2
5447,2
5446,2
5445,2
5444,2
5443,2
5442,2
5441,2
1089,1
5440,1
1088,1
1087,1
1086,1
1085,1
1084,1
1083,1
1082,1
1081,1
1080,1
5439,2
5438,2
5437,2
5436,2
5435,2
5434,2
5433,2
5432,2
5431,2
1079,1
5430,1
1078,1
1077,1
1076,1
1075,1
1074,1
1073,1
1072,1
1071,1
1070,1
5429,2
5428,2
5427,2
5426,2
5425,2
5424,2
5423,2
5422,2
5421,2
1069,1
5420,1
1068,1
1067,1
1066,1
1065,1
1064,1
1063,1
1062,1
1061,1
1060,1
5419,2
5418,2
5417,2
5416,2
5415,2
5414,2
5413,2
5412,2
5411,2
1059,1
5410,1
1058,1
1057,1
1056,1
1055,1
1054,1
1053,1
1052,1
1051,1
1050,1
5409,1
5408,1
5407,1
5406,1
5405,1
5404,1
5403,1
5402,1
5401,1
1049,1
5400,1
1048,1
1047,1
1046,1
1045,1
1044,1
1043,1
1042,1
1041,1
1040,1
1039,1
1038,1
1037,1
1036,1
1035,1
1034,1
1033,1
1032,1
1031,1
1030,1
1029,1
1028,1
1027,1
1026,1
1025,1
1024,1
1023,1
1022,1
1021,1
1020,1
1019,1
1018,1
1017,1
1016,1
1015,1
1014,1
1013,1
1012,1
1011,1
1010,1
4999,3
1009,1
4998,3
1008,1
4997,4
1007,1
4996,4
1006,1
4995,2
1005,1
4994,3
1004,1
4993,4
1003,1
4992,4
1002,1
4991,3
1001,1
4990,1
1000,1
4989,3
4988,2
4987,2
4986,3
4985,2
4984,3
4983,4
4982,3
4981,4
4980,1
4979,4
4978,2
4977,5
4976,3
4975,2
4974,2
4973,3
4972,2
4971,3
4970,1
4969,4
4968,3
4967,3
4966,3
4965,2
4964,4
4963,4
4962,3
4961,3
4960,1
4959,2
4958,2
4957,2
4956,2
4955,2
4954,2
4953,2
4952,2
4951,2
4950,1
4949,3
4948,3
4947,2
4946,4
4945,2
4944,3
4943,3
4942,4
4941,3
4940,1
4939,4
4938,4
4937,3
4936,4
4935,2
4934,3
4933,3
4932,3
4931,2
4930,1
4929,4
4928,3
4927,2
4926,3
4925,2
4924,4
4923,3
4922,3
4921,3
4920,1
4919,3
4918,4
4917,3
4916,3
4915,2
4914,3
4913,2
4912,3
4911,3
4910,1
4909,1
4908,1
4907,1
4906,1
4905,1
4904,1
4903,1
4902,1
4901,1
4900,1
9799,2
9798,3
9797,4
9796,2
9795,3
9794,4
9793,2
9792,3
9791,3
9790,1
9789,3
9788,2
9787,3
9786,2
9785,2
9784,2
9783,3
9782,2
9781,2
9780,1
9779,4
9778,3
9777,2
9776,5
9775,2
9774,5
9773,3
9772,4
9771,3
9770,1
9769,2
9768,2
9767,5
9766,4
9765,2
9764,3
9763,3
9762,3
9761,5
9760,1
9759,3
9758,2
9757,2
9756,2
9755,5
9754,2
9753,3
9752,2
9751,3
9750,1
5399,3
5398,2
5397,3
5396,2
5395,3
5394,2
5393,2
5392,2
5391,3
5390,1
9749,4
9748,2
9747,5
9746,3
9745,2
9744,2
9743,3
9742,2
9741,3
9740,1
5389,2
5388,2
5387,2
5386,2
5385,2
5384,2
5383,2
5382,2
5381,2
5380,1
9739,2
9738,3
9737,3
9736,3
9735,3
9734,3
9733,3
9732,5
9731,4
9730,1
5379,3
5378,2
5377,3
5376,2
5375,3
5374,2
5373,3
5372,2
5371,2
5370,1
9729,3
9728,2
9727,4
9726,3
9725,2
9724,2
9723,5
9722,3
9721,3
9720,1
5369,2
5368,2
5367,2
5366,2
5365,2
5364,2
5363,2
5362,2
5361,2
5360,1
9719,3
9718,2
9717,3
9716,5
9715,3
9714,3
9713,4
9712,3
9711,3
9710,1
5359,3
5358,2
5357,3
5356,2
5355,3
5354,2
5353,3
5352,2
5351,4
5350,1
9709,1
9708,1
9707,1
9706,1
9705,1
9704,1
9703,1
9702,1
9701,1
9700,1
5349,2
5348,2
5347,2
5346,2
5345,2
5344,2
5343,2
5342,2
5341,2
5340,1
5339,2
5338,2
5337,3
5336,2
5335,3
5334,2
5333,3
5332,2
5331,3
5330,1
5329,2
5328,2
5327,2
5326,2
5325,2
5324,2
5323,2
5322,2
5321,2
5320,1
5319,3
5318,2
5317,2
5316,2
5315,4
5314,2
5313,3
5312,2
5311,2
5310,1
5309,1
5308,1
5307,1
5306,1
5305,1
5304,1
5303,1
5302,1
5301,1
5300,1
999,4
998,4
997,3
996,4
995,2
994,3
993,3
992,3
991,2
990,1
989,4
988,3
987,2
986,3
985,2
984,4
983,3
982,3
981,3
980,1
4899,3
4898,2
4897,2
4896,3
4895,2
4894,3
4893,4
4892,3
979,3
4891,4
978,2
4890,1
977,3
976,5
975,3
974,3
973,4
972,3
971,3
970,1
4889,2
4888,2
4887,4
4886,3
4885,2
4884,2
4883,5
4882,3
969,4
4881,3
968,3
4880,1
967,5
966,3
965,2
964,3
963,3
962,2
961,3
960,1
4879,2
4878,4
4877,3
4876,4
4875,2
4874,4
4873,4
4872,4
959,2
4871,3
958,2
4870,1
957,3
956,2
955,3
954,2
953,3
952,2
951,3
950,1
4869,3
4868,3
4867,4
4866,3
4865,2
4864,5
4863,3
4862,5
949,3
4861,3
948,4
4860,1
947,3
946,3
945,2
944,3
943,2
942,3
941,3
940,1
4859,2
4858,2
4857,2
4856,2
4855,2
4854,2
4853,2
4852,2
939,3
4851,2
938,3
4850,1
937,4
936,3
935,3
934,2
933,2
932,3
931,3
930,1
4849,3
4848,2
4847,4
4846,5
4845,2
4844,3
4843,5
4842,3
929,3
4841,3
928,3
4840,1
927,3
926,2
925,2
924,3
923,3
922,3
921,2
920,1
4839,4
4838,5
4837,4
4836,3
4835,2
4834,5
4833,4
4832,3
919,2
4831,4
918,3
4830,1
917,3
916,3
915,3
914,3
913,3
912,2
911,1
910,1
4829,3
4828,3
4827,4
4826,5
4825,2
4824,3
4823,3
4822,3
909,1
4821,3
908,1
4820,1
907,1
906,1
905,1
904,1
903,1
902,1
901,1
900,1
4819,4
4818,3
4817,3
4816,3
4815,2
4814,3
4813,4
4812,3
4811,2
4810,1
4809,1
4808,1
4807,1
4806,1
4805,1
4804,1
4803,1
4802,1
4801,1
4800,1
9699,5
9698,4
9697,2
9696,3
9695,2
9694,4
9693,3
9692,4
9691,4
9690,1
9689,4
9688,3
9687,2
9686,3
9685,2
9684,3
9683,3
9682,4
9681,3
9680,1
9679,2
9678,2
9677,5
9676,4
9675,2
9674,3
9673,3
9672,3
9671,5
9670,1
9669,3
9668,3
9667,4
9666,4
9665,2
9664,3
9663,4
9662,4
9661,3
9660,1
9659,2
9658,2
9657,2
9656,2
9655,2
9654,2
9653,2
9652,2
9651,2
9650,1
5299,2
5298,2
5297,2
5296,2
5295,2
5294,2
5293,2
5292,2
5291,2
5290,1
9649,4
9648,3
9647,3
9646,3
9645,2
9644,4
9643,4
9642,3
9641,3
9640,1
5289,2
5288,2
5287,2
5286,2
5285,2
5284,2
5283,2
5282,2
5281,2
5280,1
9639,3
9638,3
9637,3
9636,4
9635,2
9634,4
9633,4
9632,3
9631,3
9630,1
5279,2
5278,2
5277,2
5276,2
5275,2
5274,2
5273,2
5272,2
5271,2
5270,1
9629,4
9628,4
9627,3
9626,4
9625,2
9624,3
9623,3
9622,3
9621,2
9620,1
5269,2
5268,2
5267,2
5266,2
5265,2
5264,2
5263,2
5262,2
5261,2
5260,1
9619,4
9618,3
9617,5
9616,3
9615,2
9614,3
9613,3
9612,2
9611,3
9610,1
5259,2
5258,2
5257,2
5256,2
5255,2
5254,2
5253,2
5252,2
5251,2
5250,1
9609,1
9608,1
9607,1
9606,1
9605,1
9604,1
9603,1
9602,1
9601,1
9600,1
5249,2
5248,2
5247,2
5246,2
5245,2
5244,2
5243,2
5242,2
5241,2
5240,1
5239,2
5238,2
5237,2
5236,2
5235,2
5234,2
5233,2
5232,2
5231,2
5230,1
5229,2
5228,2
5227,2
5226,2
5225,2
5224,2
5223,2
5222,2
5221,2
5220,1
5219,2
5218,2
5217,2
5216,2
5215,2
5214,2
5213,2
5212,2
5211,2
5210,1
5209,1
5208,1
5207,1
5206,1
5205,1
5204,1
5203,1
5202,1
5201,1
5200,1
899,4
898,3
897,2
896,3
895,2
894,4
893,3
892,3
891,3
890,1
889,3
888,3
887,4
886,5
885,2
884,3
883,3
882,3
881,3
880,1
4799,4
4798,2
4797,5
4796,3
4795,2
4794,2
4793,3
4792,2
879,2
4791,3
878,4
4790,1
877,4
876,4
875,2
874,3
873,4
872,2
871,3
870,1
4789,2
4788,4
4787,3
4786,4
4785,2
4784,4
4783,4
4782,4
869,3
4781,3
868,5
4780,1
867,4
866,4
865,2
864,3
863,3
862,4
861,3
860,1
4779,5
4778,3
4777,3
4776,3
4775,2
4774,4
4773,3
4772,4
859,2
4771,4
858,2
4770,1
857,2
856,2
855,2
854,2
853,2
852,2
851,2
850,1
4769,3
4768,4
4767,3
4766,2
4765,2
4764,4
4763,2
4762,4
849,4
4761,4
848,3
4760,1
847,3
846,3
845,2
844,3
843,4
842,3
841,2
840,1
4759,2
4758,2
4757,2
4756,2
4755,2
4754,2
4753,2
4752,2
839,3
4751,2
838,3
4750,1
837,4
836,3
835,2
834,4
833,3
832,3
831,2
830,1
4749,2
4748,4
4747,4
4746,4
4745,2
4744,4
4743,4
4742,3
829,3
4741,2
828,3
4740,1
827,2
826,4
825,2
824,3
823,3
822,2
821,2
820,1
4739,3
4738,4
4737,3
4736,2
4735,2
4734,4
4733,3
4732,4
819,3
4731,3
818,3
4730,1
817,3
816,3
815,2
814,2
813,2
812,2
811,1
810,1
4729,2
4728,4
4727,4
4726,4
4725,2
4724,3
4723,4
4722,2
809,1
4721,3
808,1
4720,1
807,1
806,1
805,1
804,1
803,1
802,1
801,1
800,1
4719,3
4718,3
4717,4
4716,4
4715,2
4714,2
4713,3
4712,3
4711,3
4710,1
4709,1
4708,1
4707,1
4706,1
4705,1
4704,1
4703,1
4702,1
4701,1
4700,1
9599,3
9598,2
9597,3
9596,2
9595,2
9594,2
9593,3
9592,2
9591,2
9590,1
9589,2
9588,2
9587,2
9586,2
9585,2
9584,2
9583,2
9582,2
9581,2
9580,1
9579,3
9578,2
9577,2
9576,2
9575,5
9574,2
9573,3
9572,2
9571,3
9570,1
9569,2
9568,2
9567,2
9566,2
9565,2
9564,2
9563,2
9562,2
9561,2
9560,1
9559,2
9558,2
9557,5
9556,2
9555,3
9554,2
9553,3
9552,2
9551,3
9550,1
5199,2
5198,2
5197,3
5196,2
5195,3
5194,2
5193,3
5192,2
5191,3
5190,1
9549,2
9548,2
9547,2
9546,2
9545,2
9544,2
9543,2
9542,2
9541,2
9540,1
5189,2
5188,2
5187,2
5186,2
5185,2
5184,2
5183,2
5182,2
5181,2
5180,1
9539,3
9538,2
9537,3
9536,2
9535,3
9534,2
9533,2
9532,2
9531,3
9530,1
5179,3
5178,2
5177,3
5176,2
5175,4
5174,2
5173,2
5172,2
5171,3
5170,1
9529,2
9528,2
9527,2
9526,2
9525,2
9524,2
9523,2
9522,2
9521,2
9520,1
5169,2
5168,2
5167,2
5166,2
5165,2
5164,2
5163,2
5162,2
5161,2
5160,1
9519,2
9518,2
9517,3
9516,2
9515,3
9514,2
9513,3
9512,2
9511,3
9510,1
5159,3
5158,2
5157,4
5156,2
5155,3
5154,2
5153,4
5152,2
5151,3
5150,1
9509,1
9508,1
9507,1
9506,1
9505,1
9504,1
9503,1
9502,1
9501,1
9500,1
5149,2
5148,2
5147,2
5146,2
5145,2
5144,2
5143,2
5142,2
5141,2
5140,1
5139,3
5138,2
5137,2
5136,2
5135,4
5134,2
5133,3
5132,2
5131,2
5130,1
5129,2
5128,2
5127,2
5126,2
5125,2
5124,2
5123,2
5122,2
5121,2
5120,1
5119,3
5118,2
5117,3
5116,2
5115,3
5114,2
5113,2
5112,2
5111,1
5110,1
5109,1
5108,1
5107,1
5106,1
5105,1
5104,1
5103,1
5102,1
5101,1
5100,1
799,3
798,2
797,3
796,5
795,3
794,3
793,4
792,3
791,3
790,1
789,2
788,4
787,4
786,4
785,2
784,3
783,4
782,2
781,3
780,1
4699,4
4698,3
4697,3
4696,3
4695,2
4694,4
4693,4
4692,3
779,3
4691,3
778,4
4690,1
777,4
776,4
775,3
774,4
773,4
772,4
771,4
770,1
4689,3
4688,3
4687,4
4686,3
4685,2
4684,5
4683,3
4682,5
769,5
4681,3
768,4
4680,1
767,4
766,3
765,2
764,4
763,3
762,3
761,2
760,1
4679,3
4678,4
4677,3
4676,2
4675,2
4674,4
4673,2
4672,4
759,3
4671,4
758,2
4670,1
757,3
756,2
755,4
754,2
753,2
752,2
751,3
750,1
4669,3
4668,3
4667,2
4666,4
4665,2
4664,3
4663,3
4662,4
749,3
4661,3
748,3
4660,1
747,4
746,4
745,2
744,2
743,3
742,3
741,3
740,1
4659,2
4658,2
4657,2
4656,2
4655,2
4654,2
4653,2
4652,2
739,4
4651,2
738,4
4650,1
737,4
736,3
735,2
734,3
733,3
732,2
731,2
730,1
4649,4
4648,5
4647,4
4646,3
4645,2
4644,5
4643,4
4642,3
729,3
4641,4
728,2
4640,1
727,4
726,3
725,2
724,3
723,2
722,3
721,2
720,1
4639,4
4638,3
4637,2
4636,3
4635,2
4634,4
4633,3
4632,3
719,3
4631,3
718,3
4630,1
717,4
716,2
715,3
714,3
713,2
712,2
711,1
710,1
4629,3
4628,5
4627,4
4626,4
4625,2
4624,3
4623,3
4622,4
709,1
4621,3
708,1
4620,1
707,1
706,1
705,1
704,1
703,1
702,1
701,1
700,1
4619,3
4618,3
4617,4
4616,3
4615,2
4614,4
4613,3
4612,3
4611,2
4610,1
4609,1
4608,1
4607,1
4606,1
4605,1
4604,1
4603,1
4602,1
4601,1
4600,1
9499,3
9498,3
9497,4
9496,4
9495,2
9494,3
9493,4
9492,4
9491,3
9490,1
9489,3
9488,2
9487,2
9486,3
9485,2
9484,3
9483,4
9482,3
9481,4
9480,1
9479,4
9478,2
9477,5
9476,3
9475,2
9474,2
9473,3
9472,2
9471,3
9470,1
9469,4
9468,3
9467,3
9466,3
9465,2
9464,4
9463,4
9462,3
9461,3
9460,1
9459,2
9458,2
9457,2
9456,2
9455,2
9454,2
9453,2
9452,2
9451,2
9450,1
5099,1
5098,1
5097,1
5096,1
5095,1
5094,1
5093,1
5092,1
5091,1
5090,1
9449,3
9448,3
9447,2
9446,4
9445,2
9444,3
9443,3
9442,4
9441,3
9440,1
5089,1
5088,1
5087,1
5086,1
5085,1
5084,1
5083,1
5082,1
5081,1
5080,1
9439,4
9438,4
9437,3
9436,4
9435,2
9434,3
9433,3
9432,3
9431,2
9430,1
5079,1
5078,1
5077,1
5076,1
5075,1
5074,1
5073,1
5072,1
5071,1
5070,1
9429,4
9428,3
9427,2
9426,3
9425,2
9424,4
9423,3
9422,3
9421,3
9420,1
5069,1
5068,1
5067,1
5066,1
5065,1
5064,1
5063,1
5062,1
5061,1
5060,1
9419,3
9418,4
9417,3
9416,3
9415,2
9414,3
9413,2
9412,3
9411,3
9410,1
5059,1
5058,1
5057,1
5056,1
5055,1
5054,1
5053,1
5052,1
5051,1
5050,1
9409,1
9408,1
9407,1
9406,1
9405,1
9404,1
9403,1
9402,1
9401,1
9400,1
5049,1
5048,1
5047,1
5046,1
5045,1
5044,1
5043,1
5042,1
5041,1
5040,1
5039,1
5038,1
5037,1
5036,1
5035,1
5034,1
5033,1
5032,1
5031,1
5030,1
5029,1
5028,1
5027,1
5026,1
5025,1
5024,1
5023,1
5022,1
5021,1
5020,1
5019,1
5018,1
5017,1
5016,1
5015,1
5014,1
5013,1
5012,1
5011,1
5010,1
8999,3
5009,1
8998,3
5008,1
8997,3
5007,1
8996,4
5006,1
8995,2
5005,1
8994,3
5004,1
8993,4
5003,1
8992,3
5002,1
8991,4
5001,1
8990,1
5000,1
8989,3
8988,2
8987,2
8986,3
8985,2
8984,2
8983,3
8982,3
8981,3
8980,1
8979,3
8978,2
8977,3
8976,2
8975,2
8974,2
8973,3
8972,2
8971,2
8970,1
699,4
698,3
697,5
696,3
695,2
694,3
693,3
692,2
691,3
690,1
8969,4
8968,3
8967,2
8966,3
8965,2
8964,3
8963,3
8962,4
8961,3
8960,1
689,3
688,5
687,4
686,4
685,2
684,3
683,3
682,4
681,3
680,1
8959,2
8958,2
8957,2
8956,2
8955,2
8954,2
8953,2
8952,2
8951,2
4599,2
8950,1
4598,2
4597,2
4596,2
4595,2
4594,2
4593,2
4592,2
679,5
4591,2
678,4
4590,1
677,4
676,3
675,2
674,4
673,3
672,3
671,2
670,1
8949,3
8948,2
8947,2
8946,3
8945,2
8944,3
8943,4
8942,3
8941,4
4589,2
8940,1
4588,2
4587,2
4586,2
4585,2
4584,2
4583,2
4582,2
669,3
4581,2
668,4
4580,1
667,3
666,3
665,2
664,3
663,2
662,3
661,3
660,1
8939,4
8938,3
8937,3
8936,3
8935,2
8934,4
8933,4
8932,3
8931,3
4579,2
8930,1
4578,2
4577,2
4576,2
4575,2
4574,2
4573,2
4572,2
659,2
4571,2
658,2
4570,1
657,2
656,2
655,2
654,2
653,2
652,2
651,2
650,1
8929,3
8928,3
8927,2
8926,4
8925,2
8924,3
8923,3
8922,4
8921,3
4569,2
8920,1
4568,2
4567,2
4566,2
4565,2
4564,2
4563,2
4562,2
649,3
4561,2
648,3
4560,1
647,4
646,3
645,2
644,4
643,3
642,3
641,2
640,1
8919,4
8918,3
8917,2
8916,3
8915,2
8914,4
8913,3
8912,3
8911,3
4559,2
8910,1
4558,2
4557,2
4556,2
4555,2
4554,2
4553,2
4552,2
639,3
4551,2
638,3
4550,1
637,3
636,2
635,2
634,3
633,3
632,3
631,2
630,1
8909,1
8908,1
8907,1
8906,1
8905,1
8904,1
8903,1
8902,1
8901,1
4549,2
8900,1
4548,2
4547,2
4546,2
4545,2
4544,2
4543,2
4542,2
629,2
4541,2
628,4
4540,1
627,3
626,3
625,2
624,3
623,3
622,2
621,2
620,1
4539,2
4538,2
4537,2
4536,2
4535,2
4534,2
4533,2
4532,2
619,3
4531,2
618,3
4530,1
617,2
616,3
615,2
614,2
613,2
612,2
611,1
610,1
4529,2
4528,2
4527,2
4526,2
4525,2
4524,2
4523,2
4522,2
609,1
4521,2
608,1
4520,1
607,1
606,1
605,1
604,1
603,1
602,1
601,1
600,1
4519,2
4518,2
4517,2
4516,2
4515,2
4514,2
4513,2
4512,2
4511,2
4510,1
4509,1
4508,1
4507,1
4506,1
4505,1
4504,1
4503,1
4502,1
4501,1
4500,1
9399,3
9398,4
9397,2
9396,3
9395,3
9394,4
9393,4
9392,4
9391,3
9390,1
9389,4
9388,3
9387,3
9386,3
9385,2
9384,4
9383,4
9382,3
9381,3
9380,1
9379,2
9378,3
9377,3
9376,3
9375,3
9374,3
9373,3
9372,5
9371,4
9370,1
9369,3
9368,3
9367,3
9366,4
9365,2
9364,4
9363,4
9362,3
9361,3
9360,1
9359,3
9358,2
9357,3
9356,2
9355,3
9354,2
9353,2
9352,2
9351,3
9350,1
9349,4
9348,4
9347,3
9346,4
9345,2
9344,3
9343,3
9342,3
9341,2
9340,1
9339,4
9338,4
9337,3
9336,4
9335,2
9334,3
9333,3
9332,3
9331,2
9330,1
9329,4
9328,3
9327,5
9326,3
9325,2
9324,3
9323,3
9322,2
9321,3
9320,1
9319,3
9318,3
9317,4
9316,3
9315,3
9314,2
9313,2
9312,3
9311,3
9310,1
9309,1
9308,1
9307,1
9306,1
9305,1
9304,1
9303,1
9302,1
9301,1
9300,1
8899,3
8898,2
8897,2
8896,3
8895,2
8894,2
8893,3
8892,3
8891,3
8890,1
8889,2
8888,2
8887,3
8886,2
8885,2
8884,2
8883,3
8882,2
8881,3
8880,1
8879,2
8878,3
8877,4
8876,6
8875,2
8874,4
8873,4
8872,4
8871,4
8870,1
599,2
598,2
597,3
596,2
595,3
594,2
593,3
592,2
591,3
590,1
8869,3
8868,2
8867,6
8866,2
8865,2
8864,3
8863,3
8862,5
8861,5
8860,1
589,2
588,2
587,2
586,2
585,2
584,2
583,2
582,2
581,2
580,1
8859,2
8858,2
8857,2
8856,2
8855,2
8854,2
8853,2
8852,2
8851,2
4499,3
8850,1
4498,3
4497,2
4496,4
4495,2
4494,3
4493,3
4492,4
579,3
4491,3
578,2
4490,1
577,3
576,2
575,4
574,2
573,2
572,2
571,3
570,1
8849,2
8848,2
8847,4
8846,3
8845,2
8844,2
8843,5
8842,3
8841,3
4489,3
8840,1
4488,2
4487,4
4486,5
4485,2
4484,3
4483,5
4482,3
569,2
4481,3
568,2
4480,1
567,2
566,2
565,2
564,2
563,2
562,2
561,2
560,1
8839,3
8838,3
8837,4
8836,3
8835,2
8834,5
8833,3
8832,5
8831,3
4479,2
8830,1
4478,4
4477,4
4476,4
4475,2
4474,4
4473,4
4472,3
559,3
4471,2
558,2
4470,1
557,4
556,2
555,3
554,2
553,4
552,2
551,3
550,1
8829,3
8828,2
8827,4
8826,5
8825,2
8824,3
8823,5
8822,3
8821,3
4469,4
8820,1
4468,5
4467,4
4466,3
4465,2
4464,5
4463,4
4462,3
549,2
4461,4
548,2
4460,1
547,2
546,2
545,2
544,2
543,2
542,2
541,2
540,1
8819,3
8818,3
8817,4
8816,5
8815,2
8814,3
8813,3
8812,3
8811,3
4459,2
8810,1
4458,2
4457,2
4456,2
4455,2
4454,2
4453,2
4452,2
539,3
4451,2
538,2
4450,1
537,2
536,2
535,4
534,2
533,3
532,2
531,2
530,1
8809,1
8808,1
8807,1
8806,1
8805,1
8804,1
8803,1
8802,1
8801,1
4449,3
8800,1
4448,3
4447,4
4446,5
4445,2
4444,3
4443,3
4442,3
529,2
4441,3
528,2
4440,1
527,2
526,2
525,2
524,2
523,2
522,2
521,2
520,1
4439,3
4438,5
4437,4
4436,4
4435,2
4434,3
4433,3
4432,4
519,3
4431,3
518,2
4430,1
517,3
516,2
515,3
514,2
513,2
512,2
511,1
510,1
4429,4
4428,3
4427,3
4426,3
4425,2
4424,3
4423,4
4422,3
509,1
4421,2
508,1
4420,1
507,1
506,1
505,1
504,1
503,1
502,1
501,1
500,1
4419,3
4418,3
4417,2
4416,4
4415,2
4414,3
4413,3
4412,2
4411,2
4410,1
4409,1
4408,1
4407,1
4406,1
4405,1
4404,1
4403,1
4402,1
4401,1
4400,1
3999,3
3998,4
3997,2
3996,3
3995,3
3994,4
9299,3
3993,4
9298,3
3992,4
9297,3
3991,3
9296,4
3990,1
9295,2
9294,4
9293,4
9292,3
9291,3
9290,1
3989,4
3988,3
3987,3
3986,3
3985,2
3984,4
9289,3
3983,4
9288,3
3982,3
9287,2
3981,3
9286,4
3980,1
9285,2
9284,3
9283,3
9282,4
9281,3
9280,1
3979,2
3978,3
3977,3
3976,3
3975,3
3974,3
9279,3
3973,3
9278,2
3972,5
9277,4
3971,4
9276,3
3970,1
9275,2
9274,2
9273,5
9272,3
9271,3
9270,1
3969,3
3968,3
3967,3
3966,4
3965,2
3964,4
9269,4
3963,4
9268,4
3962,3
9267,3
3961,3
9266,4
3960,1
9265,2
9264,3
9263,3
9262,3
9261,2
9260,1
3959,3
3958,2
3957,3
3956,2
3955,3
3954,2
9259,2
3953,2
9258,2
3952,2
9257,2
3951,3
9256,2
3950,1
9255,2
9254,2
9253,2
9252,2
9251,2
9250,1
3949,4
3948,4
3947,3
3946,4
3945,2
3944,3
9249,4
3943,3
9248,3
3942,3
9247,2
3941,2
9246,3
3940,1
9245,2
9244,4
9243,3
9242,3
9241,3
9240,1
3939,4
3938,4
3937,3
3936,4
3935,2
3934,3
9239,4
3933,3
9238,3
3932,3
9237,5
3931,2
9236,3
3930,1
9235,2
9234,3
9233,3
9232,2
9231,3
9230,1
3929,4
3928,3
3927,5
3926,3
3925,2
3924,3
9229,3
3923,3
9228,4
3922,2
9227,3
3921,3
9226,3
3920,1
9225,2
9224,3
9223,2
9222,3
9221,3
9220,1
3919,3
3918,3
3917,4
3916,3
3915,3
3914,2
9219,3
3913,2
9218,3
3912,3
9217,3
3911,3
9216,2
3910,1
9215,2
9214,3
9213,3
9212,3
9211,2
9210,1
3909,1
3908,1
3907,1
3906,1
3905,1
3904,1
3903,1
9209,1
3902,1
9208,1
3901,1
9207,1
3900,1
9206,1
9205,1
9204,1
9203,1
9202,1
9201,1
9200,1
8799,3
8798,2
8797,3
8796,2
8795,2
8794,2
8793,3
8792,2
8791,2
8790,1
8789,2
8788,3
8787,4
8786,6
8785,2
8784,4
8783,4
8782,4
8781,4
8780,1
8779,3
8778,4
8777,4
8776,3
8775,2
8774,3
8773,3
8772,4
8771,4
8770,1
499,3
498,4
497,3
496,3
495,2
494,3
493,2
492,3
491,3
490,1
8769,2
8768,6
8767,3
8766,2
8765,2
8764,4
8763,2
8762,4
8761,4
8760,1
489,4
488,3
487,3
486,3
485,2
484,3
483,4
482,3
481,2
480,1
8759,2
8758,2
8757,2
8756,2
8755,2
8754,2
8753,2
8752,2
8751,2
4399,4
8750,1
4398,4
4397,3
4396,4
4395,2
4394,3
4393,3
4392,3
479,3
4391,2
478,3
4390,1
477,4
476,4
475,2
474,2
473,3
472,3
471,3
470,1
8749,2
8748,4
8747,3
8746,4
8745,2
8744,4
8743,4
8742,4
8741,3
4389,4
8740,1
4388,5
4387,4
4386,3
4385,2
4384,5
4383,4
4382,3
469,3
4381,4
468,3
4380,1
467,4
466,3
465,2
464,4
463,3
462,3
461,2
460,1
8739,3
8738,4
8737,3
8736,2
8735,2
8734,4
8733,2
8732,4
8731,4
4379,3
8730,1
4378,4
4377,3
4376,2
4375,2
4374,4
4373,3
4372,4
459,2
4371,3
458,2
4370,1
457,2
456,2
455,2
454,2
453,2
452,2
451,2
450,1
8729,2
8728,4
8727,4
8726,4
8725,2
8724,4
8723,4
8722,3
8721,2
4369,4
8720,1
4368,3
4367,2
4366,3
4365,2
4364,4
4363,3
4362,3
449,3
4361,3
448,3
4360,1
447,2
446,4
445,2
444,3
443,3
442,2
441,2
440,1
8719,2
8718,4
8717,4
8716,4
8715,2
8714,3
8713,4
8712,2
8711,3
4359,2
8710,1
4358,2
4357,2
4356,2
4355,2
4354,2
4353,2
4352,2
439,2
4351,2
438,4
4350,1
437,3
436,3
435,2
434,3
433,3
432,2
431,2
430,1
8709,1
8708,1
8707,1
8706,1
8705,1
8704,1
8703,1
8702,1
8701,1
4349,3
8700,1
4348,5
4347,4
4346,4
4345,2
4344,3
4343,3
4342,4
429,3
4341,3
428,3
4340,1
427,3
426,3
425,2
424,2
423,2
422,2
421,1
420,1
4339,3
4338,4
4337,3
4336,3
4335,2
4334,3
4333,2
4332,3
419,3
4331,3
418,2
4330,1
417,3
416,2
415,2
414,2
413,2
412,1
411,1
410,1
4329,3
4328,3
4327,4
4326,3
4325,2
4324,4
4323,3
4322,3
409,1
4321,2
408,1
4320,1
407,1
406,1
405,1
404,1
403,1
402,1
401,1
400,1
4319,2
4318,4
4317,3
4316,3
4315,2
4314,3
4313,3
4312,2
4311,2
4310,1
4309,1
4308,1
4307,1
4306,1
4305,1
4304,1
4303,1
4302,1
4301,1
4300,1
3899,4
3898,3
3897,3
3896,3
3895,2
3894,4
3893,4
9199,4
3892,3
9198,4
3891,3
9197,3
3890,1
9196,4
9195,2
9194,3
9193,3
9192,3
9191,2
9190,1
3889,3
3888,3
3887,4
3886,3
3885,2
3884,5
3883,3
9189,4
3882,5
9188,3
3881,3
9187,2
3880,1
9186,3
9185,2
9184,4
9183,3
9182,3
9181,3
9180,1
3879,3
3878,4
3877,3
3876,2
3875,2
3874,4
3873,2
9179,3
3872,4
9178,2
3871,4
9177,3
3870,1
9176,5
9175,3
9174,3
9173,4
9172,3
9171,3
9170,1
3869,3
3868,3
3867,2
3866,4
3865,2
3864,3
3863,3
9169,4
3862,4
9168,3
3861,3
9167,5
3860,1
9166,3
9165,2
9164,3
9163,3
9162,2
9161,3
9160,1
3859,2
3858,2
3857,2
3856,2
3855,2
3854,2
3853,2
9159,2
3852,2
9158,2
3851,2
9157,3
3850,1
9156,2
9155,3
9154,2
9153,3
9152,2
9151,3
9150,1
3849,4
3848,5
3847,4
3846,3
3845,2
3844,5
3843,4
9149,3
3842,3
9148,4
3841,4
9147,3
3840,1
9146,3
9145,2
9144,3
9143,2
9142,3
9141,3
9140,1
3839,4
3838,3
3837,2
3836,3
3835,2
3834,4
3833,3
9139,3
3832,3
9138,3
3831,3
9137,4
3830,1
9136,3
9135,3
9134,2
9133,2
9132,3
9131,3
9130,1
3829,3
3828,5
3827,4
3826,4
3825,2
3824,3
3823,3
9129,3
3822,4
9128,3
3821,3
9127,3
3820,1
9126,2
9125,2
9124,3
9123,3
9122,3
9121,2
9120,1
3819,3
3818,3
3817,4
3816,3
3815,2
3814,4
9119,2
3813,3
3812,3
9118,3
3811,2
9117,3
3810,1
9116,3
9115,3
9114,3
9113,3
9112,2
9111,1
9110,1
3809,1
3808,1
3807,1
3806,1
3805,1
3804,1
3803,1
9109,1
3802,1
9108,1
3801,1
9107,1
3800,1
9106,1
9105,1
9104,1
9103,1
9102,1
9101,1
9100,1
99,2
98,3
97,3
96,3
95,3
94,3
93,3
92,2
91,1
90,1
89,3
88,3
87,3
86,3
85,2
84,2
83,2
82,2
81,1
80,1
8699,4
8698,3
79,3
8697,2
78,3
8696,3
77,4
8695,2
76,2
8694,3
75,3
8693,3
74,3
8692,4
73,2
8691,3
72,2
8690,1
71,1
70,1
8689,3
8688,2
69,3
8687,6
68,3
8686,2
67,2
8685,2
66,3
8684,3
65,2
8683,3
64,2
8682,5
63,2
8681,5
62,2
8680,1
61,1
60,1
8679,2
8678,6
59,3
8677,3
58,2
8676,2
57,3
8675,2
56,2
8674,4
55,3
8673,2
54,2
8672,4
53,2
8671,4
52,2
8670,1
51,1
50,1
399,3
398,3
397,4
396,3
395,3
394,2
393,2
392,3
391,3
390,1
8669,3
8668,2
49,3
8667,2
48,2
8666,3
47,3
8665,2
46,2
8664,3
45,2
8663,4
44,2
8662,3
43,2
8661,4
42,1
8660,1
41,1
40,1
389,3
388,3
387,4
386,3
385,2
384,4
383,3
382,3
381,2
380,1
8659,2
8658,2
39,3
8657,2
38,2
8656,2
37,2
8655,2
36,2
8654,2
35,2
8653,2
34,2
8652,2
33,1
8651,2
32,1
4299,4
8650,1
31,1
4298,3
30,1
4297,2
4296,3
4295,2
4294,4
4293,3
4292,3
379,4
4291,3
378,4
4290,1
377,4
376,3
375,2
374,3
373,3
372,2
371,2
370,1
8649,3
8648,3
29,2
8647,4
28,2
8646,3
27,2
8645,2
26,2
8644,5
25,2
8643,3
24,1
8642,5
23,1
8641,3
22,1
4289,3
8640,1
21,1
4288,3
20,1
4287,4
4286,5
4285,2
4284,3
4283,3
4282,3
369,3
4281,3
368,3
4280,1
367,3
366,2
365,2
364,3
363,3
362,3
361,2
360,1
8639,3
8638,3
19,1
8637,2
18,1
8636,4
17,1
8635,2
16,1
8634,3
15,1
8633,3
14,1
8632,4
13,1
8631,3
12,1
4279,2
8630,1
11,1
4278,4
10,1
4277,4
4276,4
4275,2
4274,3
4273,4
4272,2
359,3
4271,3
358,2
4270,1
357,2
356,2
355,4
354,2
353,3
352,2
351,2
350,1
8629,4
8628,5
8627,4
8626,3
8625,2
8624,5
8623,4
8622,3
8621,4
4269,3
8620,1
4268,5
4267,4
4266,4
4265,2
4264,3
4263,3
4262,4
349,2
4261,3
348,4
4260,1
347,3
346,3
345,2
344,3
343,3
342,2
341,2
340,1
8619,3
8618,5
8617,4
8616,4
8615,2
8614,3
8613,3
8612,4
8611,3
4259,2
8610,1
4258,2
4257,2
4256,2
4255,2
4254,2
4253,2
4252,2
339,2
4251,2
338,3
4250,1
337,3
336,3
335,3
334,3
333,3
332,2
331,1
330,1
8609,1
8608,1
8607,1
8606,1
8605,1
8604,1
8603,1
8602,1
8601,1
4249,4
8600,1
4248,3
4247,3
4246,3
4245,2
4244,3
4243,4
4242,3
329,3
4241,2
328,3
4240,1
327,2
326,3
325,2
324,2
323,2
322,2
321,1
320,1
4239,3
4238,3
4237,4
4236,3
4235,2
4234,4
4233,3
4232,3
319,3
4231,2
318,2
4230,1
317,2
316,2
315,2
314,2
313,1
312,1
311,1
310,1
4229,3
4228,3
4227,2
4226,4
4225,2
4224,3
4223,3
4222,2
309,1
4221,2
308,1
4220,1
307,1
306,1
305,1
304,1
303,1
302,1
301,1
300,1
4219,3
4218,3
4217,3
4216,3
4215,2
4214,2
4213,2
4212,2
4211,1
4210,1
4209,1
4208,1
4207,1
4206,1
4205,1
4204,1
4203,1
4202,1
4201,1
4200,1
3799,2
3798,3
3797,3
3796,3
3795,3
3794,3
3793,3
9099,1
3792,5
9098,1
3791,4
9097,1
3790,1
9096,1
9095,1
9094,1
9093,1
9092,1
9091,1
9090,1
3789,3
3788,4
3787,3
3786,2
3785,2
3784,4
3783,2
9089,1
3782,4
9088,1
3781,4
9087,1
3780,1
9086,1
9085,1
9084,1
9083,1
9082,1
9081,1
9080,1
3779,3
3778,3
3777,2
3776,4
3775,3
3774,3
3773,3
9079,1
3772,4
9078,1
3771,4
9077,1
3770,1
9076,1
9075,1
9074,1
9073,1
9072,1
9071,1
9070,1
3769,3
3768,2
3767,4
3766,3
3765,2
3764,2
3763,5
9069,1
3762,3
9068,1
3761,3
9067,1
3760,1
9066,1
9065,1
9064,1
9063,1
9062,1
9061,1
9060,1
3759,3
3758,2
3757,3
3756,2
3755,3
3754,2
3753,3
9059,1
3752,2
9058,1
3751,2
9057,1
3750,1
9056,1
9055,1
9054,1
9053,1
9052,1
9051,1
9050,1
3749,3
3748,4
3747,3
3746,2
3745,2
3744,4
3743,3
9049,1
3742,4
9048,1
3741,3
9047,1
3740,1
9046,1
9045,1
9044,1
9043,1
9042,1
9041,1
9040,1
3739,3
3738,2
3737,3
3736,5
3735,3
3734,3
3733,4
9039,1
3732,3
9038,1
3731,3
9037,1
3730,1
9036,1
9035,1
9034,1
9033,1
9032,1
9031,1
9030,1
3729,5
3728,4
3727,4
3726,3
3725,2
3724,4
3723,3
9029,1
3722,3
9028,1
3721,2
9027,1
3720,1
9026,1
9025,1
9024,1
9023,1
9022,1
9021,1
9020,1
3719,4
3718,4
3717,4
3716,3
3715,2
3714,3
3713,3
9019,1
3712,2
9018,1
3711,2
9017,1
3710,1
9016,1
9015,1
9014,1
9013,1
9012,1
9011,1
9010,1
3709,1
3708,1
3707,1
3706,1
3705,1
3704,1
3703,1
9009,1
3702,1
9008,1
3701,1
9007,1
3700,1
9006,1
9005,1
9004,1
9003,1
9002,1
9001,1
9000,1
8599,2
8598,2
8597,2
8596,2
8595,2
8594,2
8593,2
8592,2
8591,2
8590,1
8589,2
8588,2
8587,2
8586,2
8585,2
8584,2
8583,2
8582,2
8581,2
8580,1
8579,2
8578,2
8577,2
8576,2
8575,2
8574,2
8573,2
8572,2
8571,2
8570,1
299,3
298,3
297,3
296,2
295,2
294,3
293,3
292,3
291,2
290,1
8569,2
8568,2
8567,2
8566,2
8565,2
8564,2
8563,2
8562,2
8561,2
8560,1
289,3
288,3
287,2
286,4
285,2
284,3
283,3
282,2
281,2
280,1
8559,2
8558,2
8557,2
8556,2
8555,2
8554,2
8553,2
8552,2
8551,2
4199,3
8550,1
4198,4
4197,3
4196,3
4195,2
4194,3
4193,2
4192,3
279,3
4191,3
278,2
4190,1
277,4
276,3
275,2
274,3
273,2
272,3
271,2
270,1
8549,2
8548,2
8547,2
8546,2
8545,2
8544,2
8543,2
8542,2
8541,2
4189,4
8540,1
4188,3
4187,3
4186,3
4185,2
4184,3
4183,4
4182,3
269,2
4181,2
268,4
4180,1
267,3
266,3
265,2
264,3
263,3
262,2
261,2
260,1
8539,2
8538,2
8537,2
8536,2
8535,2
8534,2
8533,2
8532,2
8531,2
4179,3
8530,1
4178,3
4177,4
4176,4
4175,2
4174,2
4173,3
4172,3
259,2
4171,3
258,2
4170,1
257,2
256,2
255,2
254,2
253,2
252,2
251,2
250,1
8529,2
8528,2
8527,2
8526,2
8525,2
8524,2
8523,2
8522,2
8521,2
4169,3
8520,1
4168,3
4167,4
4166,3
4165,2
4164,4
4163,3
4162,3
249,3
4161,2
248,3
4160,1
247,3
246,3
245,2
244,2
243,2
242,2
241,1
240,1
8519,2
8518,2
8517,2
8516,2
8515,2
8514,2
8513,2
8512,2
8511,2
4159,2
8510,1
4158,2
4157,2
4156,2
4155,2
4154,2
4153,2
4152,2
239,3
4151,2
238,3
4150,1
237,2
236,3
235,2
234,2
233,2
232,2
231,1
230,1
8509,1
8508,1
8507,1
8506,1
8505,1
8504,1
8503,1
8502,1
8501,1
4149,3
8500,1
4148,3
4147,2
4146,4
4145,2
4144,3
4143,3
4142,2
229,3
4141,2
228,2
4140,1
227,3
226,2
225,2
224,2
223,2
222,1
221,1
220,1
4139,2
4138,4
4137,3
4136,3
4135,2
4134,3
4133,3
4132,2
219,2
4131,2
218,2
4130,1
217,2
216,2
215,2
214,1
213,1
212,1
211,1
210,1
4129,3
4128,3
4127,3
4126,3
4125,2
4124,2
4123,2
4122,2
209,1
4121,1
208,1
4120,1
207,1
206,1
205,1
204,1
203,1
202,1
201,1
200,1
4119,3
4118,2
4117,3
4116,2
4115,2
4114,2
4113,2
4112,1
4111,1
4110,1
4109,1
4108,1
4107,1
4106,1
4105,1
4104,1
4103,1
4102,1
4101,1
4100,1
3699,3
3698,3
3697,3
3696,4
3695,2
3694,4
3693,4
3692,3
3691,3
3690,1
3689,3
3688,3
3687,2
3686,4
3685,2
3684,3
3683,3
3682,4
3681,3
3680,1
3679,3
3678,2
3677,4
3676,3
3675,2
3674,2
3673,5
3672,3
3671,3
3670,1
3669,4
3668,4
3667,3
3666,4
3665,2
3664,3
3663,3
3662,3
3661,2
3660,1
3659,2
3658,2
3657,2
3656,2
3655,2
3654,2
3653,2
3652,2
3651,2
3650,1
3649,4
3648,3
3647,2
3646,3
3645,2
3644,4
3643,3
3642,3
3641,3
3640,1
3639,4
3638,3
3637,5
3636,3
3635,2
3634,3
3633,3
3632,2
3631,3
3630,1
9,0
8,0
7,0
6,0
5,0
4,0
3,0
2,0
1,0
0,0
3629,3
3628,4
3627,3
3626,3
3625,2
3624,3
3623,2
3622,3
3621,3
3620,1
3619,3
3618,3
3617,3
3616,2
3615,2
3614,3
3613,3
3612,3
3611,2
3610,1
